0.000000000000000000e+00
1.012381553649902344e+00
1.111546874046325684e+00
1.244042754173278809e+00
1.320500254631042480e+00
1.654211997985839844e+00
1.667323827743530273e+00
1.846014022827148438e+00
1.655743837356567383e+00
1.894154548645019531e+00
2.416997909545898438e+00
2.189363956451416016e+00
3.057272434234619141e+00
2.380345344543457031e+00
2.090374946594238281e+00
2.165594100952148438e+00
2.007391691207885742e+00
1.925710320472717285e+00
2.036080598831176758e+00
2.003551006317138672e+00
1.813095331192016602e+00
1.757665634155273438e+00
1.982918262481689453e+00
1.749296307563781738e+00
2.115935802459716797e+00
1.943961977958679199e+00
1.670776724815368652e+00
2.294744014739990234e+00
2.007530927658081055e+00
2.522185325622558594e+00
2.427676439285278320e+00
2.940572500228881836e+00
2.830712318420410156e+00
2.717132568359375000e+00
2.709860563278198242e+00
2.484102249145507812e+00
2.380141258239746094e+00
2.558131694793701172e+00
2.411102771759033203e+00
2.473826885223388672e+00
2.404080629348754883e+00
2.473362445831298828e+00
2.602567672729492188e+00
2.880780696868896484e+00
3.664871692657470703e+00
3.742753028869628906e+00
3.896471261978149414e+00
3.988642692565917969e+00
3.522747039794921875e+00
3.706704378128051758e+00
3.784105777740478516e+00
3.734634399414062500e+00
3.339265823364257812e+00
3.154515266418457031e+00
3.491456031799316406e+00
3.206179141998291016e+00
3.206082582473754883e+00
3.432721853256225586e+00
3.474763631820678711e+00
3.693119525909423828e+00
3.357548475265502930e+00
3.346291065216064453e+00
3.942703723907470703e+00
3.631517887115478516e+00
3.646811246871948242e+00
3.379099845886230469e+00
3.756677865982055664e+00
3.335356950759887695e+00
3.806496858596801758e+00
3.620655059814453125e+00
4.173883914947509766e+00
3.775155067443847656e+00
3.702545404434204102e+00
3.907861948013305664e+00
3.633055925369262695e+00
3.588938474655151367e+00
3.867237091064453125e+00
3.759880542755126953e+00
4.034173488616943359e+00
3.491927623748779297e+00
3.613383293151855469e+00
4.308472156524658203e+00
3.829607009887695312e+00
3.561701774597167969e+00
3.690564155578613281e+00
3.550108909606933594e+00
3.306905984878540039e+00
3.545715570449829102e+00
3.458291292190551758e+00
3.435295820236206055e+00
3.600241661071777344e+00
3.494615554809570312e+00
3.253019094467163086e+00
3.085081577301025391e+00
3.494585037231445312e+00
3.611948013305664062e+00
3.523940563201904297e+00
3.451151371002197266e+00
3.685053348541259766e+00
3.503130912780761719e+00
3.123386859893798828e+00
3.418524742126464844e+00
3.507516145706176758e+00
3.292853593826293945e+00
3.214902639389038086e+00
3.285882234573364258e+00
3.155403614044189453e+00
3.141679525375366211e+00
3.066473007202148438e+00
3.279649019241333008e+00
2.724617719650268555e+00
3.070526361465454102e+00
3.368793487548828125e+00
2.998455047607421875e+00
3.123565912246704102e+00
3.180190324783325195e+00
3.115139007568359375e+00
3.140632629394531250e+00
3.266547203063964844e+00
3.575507164001464844e+00
3.329305648803710938e+00
3.167377948760986328e+00
3.148641824722290039e+00
3.190722703933715820e+00
3.156476497650146484e+00
3.513622045516967773e+00
3.536101341247558594e+00
3.101901054382324219e+00
3.479608058929443359e+00
3.610634803771972656e+00
3.333378791809082031e+00
3.310771465301513672e+00
3.327771425247192383e+00
3.304119586944580078e+00
4.016108036041259766e+00
4.169630050659179688e+00
4.673683166503906250e+00
5.050721645355224609e+00
5.053969383239746094e+00
4.976281642913818359e+00
4.757535934448242188e+00
4.421604633331298828e+00
3.947297334671020508e+00
3.082812309265136719e+00
3.299767494201660156e+00
3.208061456680297852e+00
3.585183620452880859e+00
3.286769866943359375e+00
3.888802528381347656e+00
2.933110237121582031e+00
3.005004882812500000e+00
3.920696735382080078e+00
3.372703552246093750e+00
3.419764041900634766e+00
2.936035394668579102e+00
2.969020366668701172e+00
2.887978315353393555e+00
2.818211317062377930e+00
2.909608125686645508e+00
2.975397586822509766e+00
3.151289463043212891e+00
3.175478458404541016e+00
3.738619327545166016e+00
3.536041021347045898e+00
3.074323177337646484e+00
3.010482311248779297e+00
3.096253871917724609e+00
3.253839492797851562e+00
3.586699008941650391e+00
2.966769218444824219e+00
3.114904880523681641e+00
2.995132446289062500e+00
3.074343204498291016e+00
3.170775175094604492e+00
3.093173503875732422e+00
3.238830566406250000e+00
3.557889938354492188e+00
3.547064781188964844e+00
3.760790824890136719e+00
3.481614828109741211e+00
3.618893861770629883e+00
3.479968070983886719e+00
3.731758594512939453e+00
3.626008987426757812e+00
3.259801626205444336e+00
3.343459606170654297e+00
3.045344352722167969e+00
3.535530567169189453e+00
3.473263978958129883e+00
3.918536901473999023e+00
3.984275817871093750e+00
3.323481082916259766e+00
3.461394309997558594e+00
3.377051830291748047e+00
3.132969856262207031e+00
3.261714220046997070e+00
3.190964698791503906e+00
3.277318239212036133e+00
3.137121200561523438e+00
3.034765720367431641e+00
3.347672462463378906e+00
3.403452396392822266e+00
3.117060661315917969e+00
3.071607112884521484e+00
3.333132505416870117e+00
3.111540317535400391e+00
3.082684278488159180e+00
3.453791618347167969e+00
3.272212982177734375e+00
2.974649667739868164e+00
3.134420871734619141e+00
2.822257280349731445e+00
2.824673175811767578e+00
2.779258489608764648e+00
2.854904651641845703e+00
2.917170047760009766e+00
2.964567661285400391e+00
3.353062629699707031e+00
3.204364299774169922e+00
3.986290931701660156e+00
3.796442747116088867e+00
3.407986164093017578e+00
3.439672946929931641e+00
3.790189266204833984e+00
3.451518774032592773e+00
3.372418880462646484e+00
3.327903270721435547e+00
3.456594467163085938e+00
3.367909193038940430e+00
3.478470802307128906e+00
3.707075119018554688e+00
3.616178274154663086e+00
3.465954065322875977e+00
3.370383024215698242e+00
3.261995553970336914e+00
3.264181137084960938e+00
3.335582971572875977e+00
3.355746507644653320e+00
3.482957363128662109e+00
3.215462207794189453e+00
3.387365341186523438e+00
3.516527414321899414e+00
3.389832496643066406e+00
3.329495429992675781e+00
3.655588388442993164e+00
3.184940814971923828e+00
3.303253173828125000e+00
3.206535577774047852e+00
3.847763299942016602e+00
4.419521808624267578e+00
3.420672416687011719e+00
3.366020679473876953e+00
3.187350749969482422e+00
2.924186706542968750e+00
3.327106475830078125e+00
3.660201787948608398e+00
3.325109004974365234e+00
3.309827804565429688e+00
3.084387779235839844e+00
3.135564804077148438e+00
3.064311027526855469e+00
3.202918052673339844e+00
3.048847675323486328e+00
3.012220621109008789e+00
3.112294435501098633e+00
3.548392772674560547e+00
2.888624429702758789e+00
3.348403453826904297e+00
3.008262157440185547e+00
3.364884376525878906e+00
3.188603401184082031e+00
3.038777828216552734e+00
3.141414642333984375e+00
3.367513656616210938e+00
3.699132919311523438e+00
3.741482734680175781e+00
3.255981922149658203e+00
3.800634145736694336e+00
3.517129182815551758e+00
3.531116485595703125e+00
3.569515705108642578e+00
3.643058538436889648e+00
3.146212100982666016e+00
3.219841718673706055e+00
4.241327762603759766e+00
3.331481456756591797e+00
2.916767835617065430e+00
3.487088203430175781e+00
3.350909709930419922e+00
2.857177495956420898e+00
3.225144863128662109e+00
2.991470813751220703e+00
3.214637994766235352e+00
3.556907415390014648e+00
3.243882894515991211e+00
3.334169864654541016e+00
3.156276226043701172e+00
3.185337781906127930e+00
3.554790973663330078e+00
3.096652269363403320e+00
3.098640203475952148e+00
3.532196521759033203e+00
3.133599996566772461e+00
3.117530584335327148e+00
3.329955577850341797e+00
3.151874303817749023e+00
3.334731817245483398e+00
3.191267967224121094e+00
3.575638771057128906e+00
4.465137004852294922e+00
4.175772190093994141e+00
4.159077644348144531e+00
3.555140018463134766e+00
3.394126415252685547e+00
3.322443962097167969e+00
3.445883035659790039e+00
3.348183631896972656e+00
3.303834438323974609e+00
2.911991119384765625e+00
3.139006137847900391e+00
2.984363794326782227e+00
3.526960611343383789e+00
4.817185401916503906e+00
4.634393692016601562e+00
4.166411399841308594e+00
5.310311794281005859e+00
5.087599754333496094e+00
5.053964138031005859e+00
4.872395992279052734e+00
5.260657310485839844e+00
4.781221866607666016e+00
4.388077735900878906e+00
4.267864704132080078e+00
3.390646219253540039e+00
3.261227846145629883e+00
3.698761224746704102e+00
3.358951568603515625e+00
3.541816473007202148e+00
3.340238094329833984e+00
3.562942504882812500e+00
4.348051071166992188e+00
3.783258199691772461e+00
4.104823112487792969e+00
3.743059158325195312e+00
3.687583923339843750e+00
3.753868341445922852e+00
3.569280624389648438e+00
3.243999242782592773e+00
3.399012327194213867e+00
4.420003890991210938e+00
4.499592781066894531e+00
4.524931430816650391e+00
3.878711700439453125e+00
3.092064857482910156e+00
3.852675199508666992e+00
4.090741157531738281e+00
4.219447135925292969e+00
3.549722194671630859e+00
3.907739162445068359e+00
3.997750759124755859e+00
3.913082122802734375e+00
4.180582046508789062e+00
3.988906383514404297e+00
4.196005821228027344e+00
3.992792129516601562e+00
3.967961311340332031e+00
4.522907257080078125e+00
4.573664188385009766e+00
4.107018947601318359e+00
3.882662773132324219e+00
3.346178531646728516e+00
3.504667282104492188e+00
3.190597057342529297e+00
3.518262863159179688e+00
3.427617549896240234e+00
3.212672472000122070e+00
3.341262340545654297e+00
3.468014240264892578e+00
3.403822183609008789e+00
3.361279964447021484e+00
3.234867572784423828e+00
3.174369812011718750e+00
3.024132490158081055e+00
3.230173587799072266e+00
3.606003284454345703e+00
2.982546091079711914e+00
3.244829177856445312e+00
3.248096704483032227e+00
3.284768104553222656e+00
3.264143705368041992e+00
3.161983728408813477e+00
3.232314586639404297e+00
2.879305124282836914e+00
3.263525485992431641e+00
3.194314241409301758e+00
3.191100120544433594e+00
3.182191371917724609e+00
3.085587501525878906e+00
3.255928754806518555e+00
3.359712362289428711e+00
3.020682811737060547e+00
3.052335023880004883e+00
3.173260927200317383e+00
3.208726644515991211e+00
3.434770107269287109e+00
3.008088588714599609e+00
3.171449899673461914e+00
3.166437387466430664e+00
3.073314666748046875e+00
3.845393896102905273e+00
3.184795856475830078e+00
3.473629713058471680e+00
3.450452804565429688e+00
3.383928537368774414e+00
3.501144409179687500e+00
3.389394521713256836e+00
3.427025079727172852e+00
3.612945556640625000e+00
3.242759466171264648e+00
3.266418933868408203e+00
3.168124675750732422e+00
3.087797403335571289e+00
3.232922077178955078e+00
3.280227184295654297e+00
3.197815895080566406e+00
3.973521232604980469e+00
3.537657022476196289e+00
3.055629491806030273e+00
3.418288230895996094e+00
3.351404905319213867e+00
3.376753091812133789e+00
3.002116680145263672e+00
3.458765745162963867e+00
3.268305778503417969e+00
3.398327589035034180e+00
3.164472579956054688e+00
3.253220319747924805e+00
3.029599189758300781e+00
3.070294857025146484e+00
3.126377105712890625e+00
3.310251712799072266e+00
3.617175102233886719e+00
3.196102619171142578e+00
3.153187274932861328e+00
3.372064590454101562e+00
3.109066009521484375e+00
3.306174278259277344e+00
3.136588335037231445e+00
3.213077068328857422e+00
3.352234125137329102e+00
3.059230327606201172e+00
2.937052011489868164e+00
3.059065341949462891e+00
2.996853351593017578e+00
3.139132261276245117e+00
2.839364528656005859e+00
3.287353515625000000e+00
3.271021842956542969e+00
3.581683874130249023e+00
3.356603384017944336e+00
3.249507904052734375e+00
3.335353136062622070e+00
3.485417604446411133e+00
3.605246543884277344e+00
2.961346626281738281e+00
3.152369976043701172e+00
3.170073270797729492e+00
3.143132209777832031e+00
3.393521070480346680e+00
3.218196868896484375e+00
3.164218902587890625e+00
3.180392980575561523e+00
3.227230548858642578e+00
3.279696941375732422e+00
3.168899774551391602e+00
2.975342512130737305e+00
3.262566089630126953e+00
3.302695512771606445e+00
3.171873569488525391e+00
3.357926845550537109e+00
3.264151096343994141e+00
3.367972373962402344e+00
3.076784372329711914e+00
3.061552286148071289e+00
3.337548732757568359e+00
3.228889703750610352e+00
3.186112642288208008e+00
3.104404926300048828e+00
3.350358247756958008e+00
3.301211595535278320e+00
3.092815876007080078e+00
3.092994689941406250e+00
3.110463619232177734e+00
3.240712165832519531e+00
3.140192031860351562e+00
3.119842767715454102e+00
3.185507774353027344e+00
3.221185684204101562e+00
3.103274822235107422e+00
3.377798795700073242e+00
3.259917259216308594e+00
3.219207286834716797e+00
3.452260017395019531e+00
3.236267328262329102e+00
3.345619201660156250e+00
3.290701866149902344e+00
3.235528945922851562e+00
3.278291702270507812e+00
3.199568271636962891e+00
3.090013504028320312e+00
4.036260604858398438e+00
3.279341220855712891e+00
3.160728216171264648e+00
3.160226106643676758e+00
3.517977714538574219e+00
3.073748111724853516e+00
2.959753036499023438e+00
3.168719053268432617e+00
3.069821357727050781e+00
3.090056896209716797e+00
2.792815685272216797e+00
3.306005239486694336e+00
3.231449127197265625e+00
3.283053874969482422e+00
3.098926782608032227e+00
3.266363143920898438e+00
3.088974714279174805e+00
2.976006507873535156e+00
3.064384698867797852e+00
3.060450315475463867e+00
3.002997398376464844e+00
2.887232780456542969e+00
2.966531515121459961e+00
3.013422966003417969e+00
2.944925308227539062e+00
2.858891963958740234e+00
2.907175064086914062e+00
2.897160291671752930e+00
2.989061355590820312e+00
3.127257823944091797e+00
3.385442733764648438e+00
3.147365093231201172e+00
3.635083436965942383e+00
3.577337741851806641e+00
3.600229740142822266e+00
3.244407653808593750e+00
2.904813289642333984e+00
2.536989450454711914e+00
3.048925399780273438e+00
2.928677797317504883e+00
2.955201864242553711e+00
2.843818664550781250e+00
3.425183296203613281e+00
2.946033716201782227e+00
2.874231338500976562e+00
2.923456668853759766e+00
2.942975997924804688e+00
3.059921741485595703e+00
2.831304550170898438e+00
2.855909109115600586e+00
2.811732530593872070e+00
2.937085151672363281e+00
2.454383850097656250e+00
2.989283084869384766e+00
2.936764001846313477e+00
2.788471937179565430e+00
2.988278627395629883e+00
2.816759347915649414e+00
2.819936513900756836e+00
3.092021703720092773e+00
2.964296817779541016e+00
3.098675727844238281e+00
2.908164024353027344e+00
3.101658344268798828e+00
3.152485370635986328e+00
3.037192821502685547e+00
3.217639684677124023e+00
3.004859447479248047e+00
3.292146205902099609e+00
3.236620426177978516e+00
3.170653581619262695e+00
2.974608898162841797e+00
3.114418745040893555e+00
3.230446338653564453e+00
2.994482755661010742e+00
2.904672861099243164e+00
3.110022068023681641e+00
3.217731952667236328e+00
3.145087242126464844e+00
3.401354789733886719e+00
3.060263395309448242e+00
3.521582126617431641e+00
3.699518203735351562e+00
3.515922546386718750e+00
3.556681871414184570e+00
3.341037034988403320e+00
3.327621936798095703e+00
3.348494052886962891e+00
3.208552360534667969e+00
3.251088142395019531e+00
3.125583648681640625e+00
3.386669158935546875e+00
3.522605895996093750e+00
3.455178499221801758e+00
3.425176143646240234e+00
3.800899982452392578e+00
3.689509630203247070e+00
3.399541854858398438e+00
2.995540618896484375e+00
3.098973989486694336e+00
4.095173358917236328e+00
3.169561386108398438e+00
3.410757064819335938e+00
3.301539182662963867e+00
3.376335620880126953e+00
3.182554006576538086e+00
3.197340726852416992e+00
3.281018495559692383e+00
3.227686643600463867e+00
3.139124155044555664e+00
2.941720008850097656e+00
2.983053922653198242e+00
3.002316951751708984e+00
3.060225486755371094e+00
2.999553918838500977e+00
3.411632061004638672e+00
3.208057641983032227e+00
3.194243907928466797e+00
3.374739646911621094e+00
3.138186931610107422e+00
3.179215192794799805e+00
3.118770599365234375e+00
3.256769418716430664e+00
3.337783813476562500e+00
3.329305648803710938e+00
3.356920242309570312e+00
3.342473983764648438e+00
3.417407989501953125e+00
3.337561607360839844e+00
3.159352540969848633e+00
3.219089984893798828e+00
3.177999019622802734e+00
2.829844474792480469e+00
3.052504301071166992e+00
3.067888021469116211e+00
3.008583545684814453e+00
2.989807605743408203e+00
3.145841121673583984e+00
2.946134805679321289e+00
3.210836410522460938e+00
3.346210479736328125e+00
3.161601543426513672e+00
3.168118476867675781e+00
3.208453655242919922e+00
3.020930290222167969e+00
3.286142826080322266e+00
2.897231578826904297e+00
3.198815822601318359e+00
2.855494022369384766e+00
3.353622913360595703e+00
2.872200250625610352e+00
3.207248449325561523e+00
2.894949913024902344e+00
3.130063533782958984e+00
3.204400300979614258e+00
3.004575967788696289e+00
3.407797336578369141e+00
3.220021247863769531e+00
3.083971738815307617e+00
3.358701705932617188e+00
2.931922435760498047e+00
2.904832124710083008e+00
3.432626247406005859e+00
2.998303174972534180e+00
3.093368053436279297e+00
3.311362743377685547e+00
3.345826148986816406e+00
3.263195753097534180e+00
3.335981845855712891e+00
3.163896083831787109e+00
3.860937118530273438e+00
3.419269084930419922e+00
3.632755517959594727e+00
3.348922729492187500e+00
3.806420326232910156e+00
3.554863691329956055e+00
3.266952991485595703e+00
3.343290805816650391e+00
4.015243530273437500e+00
4.657506465911865234e+00
4.854736328125000000e+00
4.356188297271728516e+00
4.257923126220703125e+00
4.419389724731445312e+00
4.273566722869873047e+00
4.352516651153564453e+00
4.416893959045410156e+00
3.906172275543212891e+00
4.174892902374267578e+00
4.046420574188232422e+00
4.316980361938476562e+00
4.332002639770507812e+00
4.477416992187500000e+00
4.407992362976074219e+00
4.578321456909179688e+00
4.169199943542480469e+00
4.040429115295410156e+00
4.137490749359130859e+00
4.175618171691894531e+00
4.597009658813476562e+00
4.426909446716308594e+00
4.342357635498046875e+00
4.394516944885253906e+00
4.580330371856689453e+00
4.661795139312744141e+00
4.673308849334716797e+00
4.403501033782958984e+00
4.797744274139404297e+00
4.548807621002197266e+00
4.490458488464355469e+00
4.179909229278564453e+00
4.614410400390625000e+00
4.340405464172363281e+00
4.112986564636230469e+00
4.530996322631835938e+00
4.485409736633300781e+00
4.680965423583984375e+00
4.489355087280273438e+00
4.314888477325439453e+00
4.906485080718994141e+00
4.433644294738769531e+00
4.308068275451660156e+00
4.478120326995849609e+00
4.432014942169189453e+00
4.708265304565429688e+00
4.609003543853759766e+00
4.617912292480468750e+00
4.302447319030761719e+00
4.770331859588623047e+00
4.651885509490966797e+00
3.887207746505737305e+00
3.857150554656982422e+00
3.874426841735839844e+00
4.485771656036376953e+00
4.523825168609619141e+00
4.417911052703857422e+00
3.902977466583251953e+00
3.832770347595214844e+00
4.291655540466308594e+00
4.792246341705322266e+00
5.315360069274902344e+00
4.845084190368652344e+00
4.388978481292724609e+00
4.104150295257568359e+00
3.510787010192871094e+00
3.597623348236083984e+00
3.596345901489257812e+00
3.485935688018798828e+00
3.590583562850952148e+00
3.401488780975341797e+00
3.573250293731689453e+00
4.153263092041015625e+00
4.269449234008789062e+00
3.834903240203857422e+00
3.550256252288818359e+00
3.823973178863525391e+00
3.664526700973510742e+00
3.778160095214843750e+00
3.703696966171264648e+00
3.432874202728271484e+00
3.414517641067504883e+00
4.187592983245849609e+00
3.235463142395019531e+00
3.662442207336425781e+00
4.319719791412353516e+00
3.842273712158203125e+00
3.502657890319824219e+00
4.072825431823730469e+00
3.738322734832763672e+00
4.660604476928710938e+00
5.043506622314453125e+00
5.139978408813476562e+00
5.450458049774169922e+00
5.070171833038330078e+00
5.130490779876708984e+00
4.423276901245117188e+00
4.651578426361083984e+00
4.357213973999023438e+00
4.564030647277832031e+00
4.419719696044921875e+00
4.277620315551757812e+00
4.272986412048339844e+00
4.286565780639648438e+00
4.141320705413818359e+00
4.232851028442382812e+00
4.328125953674316406e+00
4.463430881500244141e+00
4.183783531188964844e+00
4.558471679687500000e+00
4.387009620666503906e+00
4.523939132690429688e+00
4.433923721313476562e+00
4.253566265106201172e+00
4.259881496429443359e+00
4.715043067932128906e+00
4.518985748291015625e+00
4.397696495056152344e+00
4.302047252655029297e+00
4.382068157196044922e+00
4.310659885406494141e+00
4.339930534362792969e+00
4.514592647552490234e+00
4.682713031768798828e+00
4.436586856842041016e+00
4.359664440155029297e+00
4.591489315032958984e+00
4.351601600646972656e+00
4.122789382934570312e+00
4.064422607421875000e+00
3.909446716308593750e+00
4.292530536651611328e+00
4.158448696136474609e+00
4.232022285461425781e+00
4.558598041534423828e+00
4.601757526397705078e+00
4.133843898773193359e+00
4.175501823425292969e+00
4.133263111114501953e+00
4.142164707183837891e+00
4.364789009094238281e+00
4.503345966339111328e+00
4.501964569091796875e+00
4.692469596862792969e+00
4.750172615051269531e+00
4.576686859130859375e+00
4.451569557189941406e+00
4.477946758270263672e+00
4.660268783569335938e+00
4.903363704681396484e+00
5.045063972473144531e+00
4.459108352661132812e+00
4.497951984405517578e+00
4.813382625579833984e+00
4.805581092834472656e+00
4.900300502777099609e+00
4.277331829071044922e+00
4.542319297790527344e+00
4.526024341583251953e+00
4.252100944519042969e+00
4.233762741088867188e+00
4.277417182922363281e+00
4.282694816589355469e+00
4.136688232421875000e+00
3.946353197097778320e+00
4.039120197296142578e+00
4.335206031799316406e+00
4.623568058013916016e+00
4.273954868316650391e+00
4.175101280212402344e+00
4.120548725128173828e+00
4.268892288208007812e+00
4.516680717468261719e+00
4.239812374114990234e+00
4.884255886077880859e+00
4.420250892639160156e+00
4.868553638458251953e+00
4.852583885192871094e+00
4.315852165222167969e+00
5.004634857177734375e+00
5.127326011657714844e+00
4.563631057739257812e+00
4.598306655883789062e+00
4.423176765441894531e+00
4.757806777954101562e+00
4.474769115447998047e+00
4.763710021972656250e+00
4.249442577362060547e+00
4.231704711914062500e+00
4.319972038269042969e+00
4.517360687255859375e+00
4.233155727386474609e+00
4.631249427795410156e+00
4.526024341583251953e+00
4.210309028625488281e+00
4.412689685821533203e+00
4.448523521423339844e+00
5.315579891204833984e+00
5.170536041259765625e+00
4.708796024322509766e+00
5.318629264831542969e+00
5.246111869812011719e+00
5.158627510070800781e+00
5.286803722381591797e+00
4.851603984832763672e+00
5.626378059387207031e+00
5.591998577117919922e+00
5.236542701721191406e+00
5.353271484375000000e+00
5.601727962493896484e+00
5.397613525390625000e+00
5.426540374755859375e+00
5.606615543365478516e+00
5.244893550872802734e+00
5.312110900878906250e+00
5.582366466522216797e+00
5.734387397766113281e+00
5.770563125610351562e+00
5.756437301635742188e+00
5.505818843841552734e+00
5.536310672760009766e+00
5.627774238586425781e+00
5.329193115234375000e+00
5.605347633361816406e+00
5.509667396545410156e+00
5.289590358734130859e+00
5.209079742431640625e+00
5.344474792480468750e+00
5.717218399047851562e+00
6.178202629089355469e+00
5.345318794250488281e+00
5.843455791473388672e+00
5.654245376586914062e+00
5.819757461547851562e+00
5.540101051330566406e+00
5.709492683410644531e+00
5.785772800445556641e+00
5.606214523315429688e+00
5.819838047027587891e+00
5.854279994964599609e+00
5.535242557525634766e+00
5.495947837829589844e+00
5.721528530120849609e+00
5.866194248199462891e+00
5.866274833679199219e+00
5.340610504150390625e+00
5.559697628021240234e+00
5.639541149139404297e+00
5.309698104858398438e+00
5.337876796722412109e+00
6.097362518310546875e+00
5.576753139495849609e+00
5.571172714233398438e+00
5.552926540374755859e+00
5.123886108398437500e+00
5.373895645141601562e+00
4.900940895080566406e+00
4.986808776855468750e+00
5.430457592010498047e+00
5.272027969360351562e+00
5.082334995269775391e+00
5.312672138214111328e+00
5.378958702087402344e+00
5.782411098480224609e+00
5.224196910858154297e+00
5.101266384124755859e+00
5.216076374053955078e+00
5.230787277221679688e+00
5.778354644775390625e+00
5.449633121490478516e+00
5.430297374725341797e+00
5.452790260314941406e+00
5.576548576354980469e+00
5.580597400665283203e+00
5.019156455993652344e+00
5.344643592834472656e+00
5.280274391174316406e+00
5.228459835052490234e+00
4.966154575347900391e+00
5.136247158050537109e+00
5.172191143035888672e+00
5.032659530639648438e+00
5.467706203460693359e+00
4.908761978149414062e+00
5.703435897827148438e+00
5.464171886444091797e+00
5.966654777526855469e+00
6.211157321929931641e+00
6.118442535400390625e+00
6.107110023498535156e+00
5.409737110137939453e+00
5.368366718292236328e+00
5.191876888275146484e+00
5.434947490692138672e+00
5.268133163452148438e+00
4.973346710205078125e+00
5.104117870330810547e+00
5.329079151153564453e+00
5.247612953186035156e+00
5.404435157775878906e+00
5.149803161621093750e+00
4.728310585021972656e+00
4.927365779876708984e+00
5.442676067352294922e+00
5.494645118713378906e+00
5.306562423706054688e+00
5.079801082611083984e+00
4.282672405242919922e+00
4.094140052795410156e+00
4.447569370269775391e+00
4.993567943572998047e+00
